1 1
1 4
1 7
1 8
1 13
1 14
1 19
1 30
1 39
1 71
2 2
2 4
2 6
2 7
2 8
2 9
2 10
2 13
2 15
2 18
2 20
2 21
2 24
2 30
2 39
2 47
2 63
2 69
2 78
2 86
2 95
2 111
3 2
3 3
3 7
3 8
3 9
3 12
3 13
3 57
3 75
3 76
4 2
4 4
4 5
4 7
4 13
4 36
4 47
4 90
5 2
5 7
5 14
5 42
5 62
5 71
5 87
5 95
6 2
6 3
6 4
6 8
6 12
6 13
6 21
6 23
6 36
6 39
6 64
6 71
6 92
6 94
6 98
6 114
6 133
7 2
7 4
7 7
7 12
7 13
7 15
7 23
7 36
7 39
7 94
7 123
8 2
8 3
8 12
8 23
8 64
8 132
9 2
9 7
9 14
9 23
9 28
9 62
9 67
9 71
9 79
9 124
10 2
10 7
10 13
10 14
10 16
10 47
11 2
11 3
11 4
11 5
11 6
11 7
11 8
11 10
11 12
11 13
11 14
11 15
11 16
11 18
11 19
11 20
11 23
11 24
11 29
11 31
11 32
11 33
11 36
11 39
11 40
11 42
11 45
11 51
11 61
11 62
11 68
11 69
11 70
11 71
11 74
11 77
11 78
11 82
11 85
11 87
11 89
11 92
11 97
11 105
11 117
11 118
11 122
11 130
11 131
12 2
12 3
12 4
12 7
12 8
12 12
12 32
12 40
12 75
13 2
13 4
13 13
13 14
13 15
13 19
13 23
14 2
14 13
15 2
15 4
15 5
15 6
15 7
15 8
15 11
15 12
15 13
15 14
15 18
15 19
15 20
15 23
15 24
15 26
15 28
15 30
15 31
15 32
15 33
15 36
15 45
15 47
15 51
15 59
15 62
15 66
15 67
15 74
15 78
15 87
15 94
15 97
15 99
15 104
15 107
15 109
15 114
15 122
15 130
15 131
16 2
16 4
16 12
16 13
16 19
16 23
16 71
16 115
16 130
17 2
17 3
17 4
17 5
17 10
17 12
17 13
17 18
17 20
17 23
17 24
17 28
17 29
17 30
17 32
17 36
17 45
17 47
17 55
17 62
17 64
17 65
17 69
17 71
17 92
17 94
17 98
17 100
17 107
17 114
17 130
18 2
19 2
19 4
19 13
19 14
19 19
19 23
19 24
19 36
19 62
19 71
19 85
19 93
19 100
19 107
20 2
20 47
20 63
20 119
21 2
21 7
21 10
21 13
21 26
21 29
21 63
21 71
21 86
21 87
21 98
21 128
22 2
22 4
22 7
22 13
22 33
22 62
22 63
22 119
22 128
23 2
23 3
23 4
23 10
23 13
23 19
23 34
23 47
24 2
24 26
24 37
24 63
24 65
24 119
25 2
25 48
25 63
25 71
25 119
25 128
26 2
26 13
26 14
26 26
26 63
27 2
27 3
27 22
27 26
27 47
27 48
27 63
27 108
28 2
29 2
29 37
29 63
29 86
29 119
30 2
30 5
30 13
30 34
30 36
30 44
30 72
30 76
30 79
30 86
30 128
31 2
31 37
31 63
31 72
31 112
32 2
32 3
32 47
32 63
32 72
33 2
33 86
33 119
34 2
34 8
34 19
34 26
34 27
34 33
34 36
34 37
34 63
34 86
34 108
34 128
35 2
35 63
35 119
36 2
36 8
36 26
36 37
36 63
36 86
37 2
37 47
38 2
39 2
39 33
39 47
40 2
40 128
41 2
41 18
41 63
42 2
42 19
42 30
42 63
43 2
43 3
43 4
43 9
43 13
43 19
43 26
43 27
43 37
43 53
43 63
43 86
43 108
44 2
44 26
44 37
44 63
44 79
45 2
45 8
45 26
45 37
45 63
46 2
46 4
46 5
46 6
46 7
46 8
46 10
46 11
46 12
46 13
46 14
46 19
46 23
46 25
46 29
46 32
46 47
46 62
46 66
46 87
46 92
46 94
46 100
46 107
46 114
46 132
46 134
47 2
47 3
47 30
47 35
47 73
47 77
47 106
48 2
48 3
48 34
48 35
48 73
48 77
49 2
49 4
49 6
49 7
49 8
49 10
49 12
49 13
49 14
49 15
49 19
49 20
49 22
49 23
49 24
49 30
49 32
49 33
49 49
49 56
49 59
49 66
49 95
49 97
49 114
49 115
49 127
50 2
50 4
50 5
50 6
50 7
50 8
50 12
50 13
50 14
50 15
50 16
50 19
50 20
50 23
50 24
50 28
50 29
50 33
50 39
50 45
50 51
50 54
50 58
50 59
50 65
50 66
50 69
50 71
50 79
50 81
50 85
50 104
50 107
50 113
50 118
50 122
50 130
50 134
51 2
51 4
51 5
51 8
51 10
51 12
51 13
51 14
51 19
51 20
51 21
51 23
51 29
51 30
51 31
51 33
51 39
51 45
51 54
51 56
51 58
51 62
51 65
51 71
51 79
51 80
51 81
51 94
51 98
51 111
51 113
51 115
51 116
51 130
51 134
52 2
52 4
52 5
52 6
52 10
52 13
52 14
52 18
52 19
52 20
52 22
52 25
52 26
52 28
52 30
52 32
52 47
52 63
52 65
52 69
52 92
52 97
52 114
53 2
53 4
53 6
53 7
53 10
53 12
53 13
53 14
53 15
53 16
53 19
53 20
53 21
53 23
53 25
53 28
53 30
53 35
53 36
53 39
53 45
53 47
53 62
53 64
53 65
53 67
53 72
53 79
53 81
53 100
53 102
53 107
53 114
53 118
53 130
53 134
54 2
54 4
54 5
54 13
54 23
54 26
54 31
54 45
54 51
54 69
54 78
54 102
55 2
55 4
55 6
55 8
55 10
55 12
55 13
55 16
55 19
55 20
55 21
55 22
55 23
55 24
55 26
55 28
55 29
55 32
55 35
55 42
55 50
55 51
55 54
55 56
55 59
55 62
55 64
55 65
55 67
55 70
55 78
55 91
55 98
55 100
55 102
55 130
56 2
56 3
56 4
56 6
56 7
56 8
56 9
56 10
56 12
56 13
56 14
56 15
56 16
56 17
56 18
56 19
56 20
56 23
56 26
56 28
56 30
56 32
56 33
56 36
56 37
56 39
56 40
56 42
56 44
56 45
56 46
56 47
56 54
56 60
56 62
56 63
56 66
56 69
56 70
56 73
56 76
56 77
56 78
56 88
56 94
56 95
56 97
56 98
56 102
56 106
56 108
56 111
56 120
56 121
56 130
56 133
57 2
57 3
57 13
57 19
57 46
57 50
57 63
57 108
57 124
58 2
58 13
58 14
58 15
58 19
58 24
58 32
58 70
58 71
58 83
58 88
58 89
58 92
59 2
60 2
60 13
60 23
60 62
61 2
61 23
61 30
61 47
62 2
62 4
62 13
62 23
62 71
62 94
63 2
63 7
63 11
63 13
63 71
63 94
63 100
63 132
64 2
64 7
64 30
65 2
65 7
65 8
65 12
65 13
65 19
65 51
65 53
65 62
65 88
65 95
65 103
65 130
66 2
66 6
66 7
66 9
66 10
66 13
66 14
66 15
66 17
66 18
66 19
66 28
66 29
66 30
66 32
66 36
66 45
66 46
66 47
66 48
66 53
66 69
66 71
66 76
66 87
66 95
66 108
66 111
66 130
67 2
67 4
67 5
67 6
67 7
67 8
67 12
67 13
67 18
67 19
67 24
67 26
67 36
67 39
67 47
67 62
67 66
67 69
67 77
67 81
67 82
67 88
67 96
67 106
67 110
67 125
67 130
68 2
68 4
68 5
68 6
68 7
68 8
68 10
68 11
68 12
68 13
68 14
68 15
68 16
68 19
68 20
68 21
68 23
68 26
68 28
68 29
68 33
68 36
68 39
68 40
68 45
68 51
68 59
68 62
68 65
68 66
68 67
68 69
68 71
68 72
68 79
68 87
68 97
68 98
68 100
68 107
68 111
68 122
68 127
68 130
68 131
68 133
68 134
69 2
69 4
69 7
69 8
69 12
69 13
69 14
69 15
69 19
69 21
69 22
69 23
69 24
69 28
69 31
69 33
69 39
69 40
69 42
69 62
69 71
69 86
69 88
69 111
69 114
69 115
69 118
69 131
69 134
70 2
70 5
70 18
71 2
71 19
71 53
71 63
72 2
72 19
72 25
72 30
72 63
72 86
73 2
74 2
75 2
76 2
77 2
77 3
77 26
77 61
77 78
78 2
78 7
78 18
78 19
78 26
78 28
78 30
78 32
78 33
78 36
78 46
78 47
78 58
78 61
78 63
78 108
79 2
79 6
79 7
79 13
79 17
79 18
79 23
79 26
79 32
79 36
79 37
79 63
79 108
80 2
80 30
81 2
81 3
81 4
81 5
81 6
81 7
81 18
81 19
81 23
81 26
81 30
81 33
81 36
81 44
81 46
81 47
81 63
81 86
81 93
81 102
82 2
82 63
83 2
83 7
83 53
83 62
83 63
83 76
84 2
85 2
86 2
87 2
87 19
88 2
88 4
88 6
88 7
88 8
88 13
88 17
88 18
88 23
88 28
88 29
88 30
88 36
88 42
88 44
88 46
88 47
88 62
88 63
88 65
88 76
88 78
88 93
88 96
88 108
88 134
89 2
89 26
89 37
89 63
90 2
90 3
90 4
90 5
90 6
90 7
90 8
90 10
90 12
90 13
90 14
90 15
90 16
90 17
90 18
90 19
90 20
90 23
90 24
90 25
90 26
90 28
90 29
90 30
90 31
90 32
90 36
90 37
90 39
90 43
90 44
90 45
90 46
90 53
90 58
90 59
90 60
90 61
90 62
90 63
90 64
90 69
90 70
90 76
90 77
90 78
90 79
90 89
90 92
90 93
90 94
90 95
90 103
90 106
90 107
90 108
90 122
90 130
90 134
91 2
91 10
91 13
91 14
91 18
91 26
91 30
91 36
91 37
91 47
91 63
91 86
91 93
91 98
91 114
92 2
92 4
92 13
92 23
92 46
92 62
93 2
93 7
93 14
93 18
93 19
93 71
93 132
94 2
94 13
95 2
95 35
95 51
96 2
96 7
96 8
96 12
96 13
96 19
96 54
96 66
96 78
96 79
96 106
97 2
97 4
97 5
97 12
97 13
97 15
97 19
97 23
97 26
97 33
97 39
97 40
97 45
97 55
97 56
97 62
97 69
97 70
97 98
97 115
97 130
98 2
98 8
98 12
98 19
98 23
98 25
98 29
98 36
98 72
98 79
98 114
99 2
99 7
99 13
99 14
99 16
99 19
99 40
99 47
99 87
99 93
99 114
100 2
100 16
100 19
100 20
100 28
100 30
100 32
100 33
100 39
100 62
100 65
100 104
100 107
100 111
100 130
101 2
101 12
101 71
101 123
102 2
102 4
102 8
102 19
102 134
103 2
103 4
103 7
103 12
103 13
103 29
104 2
104 107
105 2
105 6
105 13
105 14
105 19
105 20
105 28
105 30
105 40
105 45
105 46
105 71
105 91
105 115
106 2
106 10
106 12
106 13
106 14
106 22
106 23
106 49
106 71
107 2
108 2
108 8
108 132
109 2
109 4
109 10
109 19
109 53
110 2
110 45
111 2
111 7
111 12
112 2
112 7
112 13
112 14
112 19
112 40
112 47
112 87
113 2
113 5
113 6
113 7
113 18
113 23
113 26
113 27
113 28
113 32
113 36
113 37
113 38
113 41
113 47
113 52
113 61
113 62
113 63
113 66
113 75
113 76
113 77
113 79
113 95
113 106
113 108
113 120
113 121
113 124
113 126
113 129
114 2
114 3
114 8
114 19
114 46
114 71
114 77
114 78
115 2
115 30
116 2
116 3
116 7
116 8
116 10
116 13
116 15
116 19
116 28
116 32
116 33
116 39
116 42
116 45
116 47
116 67
116 71
116 77
116 83
116 93
116 100
116 106
116 107
116 122
116 133
117 2
117 4
117 6
117 7
117 8
117 10
117 12
117 13
117 21
117 23
117 24
117 51
117 57
117 75
117 76
118 2
118 4
118 10
118 13
118 23
118 24
118 30
118 33
118 51
118 53
118 70
118 71
118 78
118 92
119 2
119 10
119 13
119 30
119 46
119 123
120 2
120 14
120 23
120 28
120 39
120 40
120 71
120 85
120 100
121 2
121 4
121 13
121 14
121 23
121 29
121 39
121 69
121 78
121 98
122 2
122 4
122 15
122 26
122 37
122 47
122 63
122 78
122 79
122 83
122 86
122 87
122 117
123 2
123 12
123 19
123 29
123 35
123 71
123 97
123 111
124 2
124 19
125 2
126 2
127 2
127 18
127 78
128 2
128 79
129 2
130 2
130 8
130 12
130 13
130 14
130 15
130 19
130 23
130 25
130 28
130 36
130 39
130 42
130 62
130 77
130 81
130 107
130 115
130 116
130 130
131 2
131 95
132 2
132 6
132 13
132 18
132 19
132 23
132 36
132 62
132 66
132 77
133 2
133 4
133 13
133 19
133 33
133 34
133 42
133 53
134 2
134 8
134 13
134 19
134 23
134 39
134 40
134 51
134 66
134 78
134 95
134 102
135 2
135 4
135 23
135 39
135 71
135 92
136 2
136 4
136 6
136 7
136 13
136 14
136 15
136 18
136 19
136 23
136 24
136 26
136 36
136 46
136 63
136 76
136 106
136 108
136 126
137 2
138 2
138 6
138 12
138 13
138 24
138 54
139 2
139 23
139 24
139 36
139 47
139 67
139 72
139 133
140 2
141 2
141 6
141 13
141 58
141 63
142 2
142 3
142 4
142 6
142 8
142 10
142 12
142 13
142 14
142 15
142 16
142 19
142 23
142 28
142 36
142 39
142 51
142 62
142 100
142 111
142 117
143 2
143 3
143 4
143 6
143 7
143 8
143 12
143 13
143 14
143 16
143 17
143 18
143 19
143 20
143 23
143 24
143 42
143 47
143 50
143 53
143 62
143 63
143 69
143 77
143 87
143 88
143 100
143 102
143 104
143 106
143 111
143 126
144 2
144 4
144 7
144 13
144 31
144 66
144 69
144 70
144 118
144 122
145 2
145 4
145 12
145 14
145 23
145 33
145 51
145 62
145 71
145 92
145 111
146 2
146 6
146 13
146 14
146 20
146 53
147 2
147 12
147 13
147 19
147 23
147 30
147 33
147 46
147 50
147 62
147 71
147 98
148 2
148 4
148 12
148 13
148 14
148 23
148 32
148 39
148 69
148 70
148 94
149 2
149 19
149 62
150 2
150 4
150 12
150 13
150 23
150 32
150 33
150 40
150 62
150 70
150 83
150 109
150 115
151 2
151 4
151 6
151 7
151 10
151 13
151 14
151 23
151 28
151 39
151 51
151 54
151 69
151 78
151 94
151 130
152 2
152 5
152 6
152 8
152 10
152 12
152 13
152 14
152 15
152 19
152 20
152 21
152 23
152 24
152 28
152 29
152 30
152 31
152 32
152 33
152 40
152 42
152 45
152 56
152 62
152 66
152 70
152 72
152 78
152 94
152 97
152 104
152 115
152 118
152 127
152 133
153 2
153 8
153 23
153 62
153 106
154 2
154 19
154 20
154 21
154 23
154 28
154 33
154 42
154 45
154 58
154 62
154 71
154 92
155 2
155 5
155 6
155 13
155 14
155 15
155 19
155 23
155 25
155 28
155 31
155 33
155 36
155 39
155 42
155 45
155 47
155 51
155 68
155 69
155 71
155 76
155 82
155 100
155 122
156 2
156 3
156 4
156 7
156 8
156 10
156 12
156 13
156 14
156 15
156 19
156 20
156 23
156 24
156 26
156 28
156 29
156 30
156 33
156 39
156 42
156 47
156 63
156 66
156 67
156 71
156 72
156 79
156 86
156 87
156 88
156 94
156 98
156 102
156 104
156 105
156 111
156 113
156 114
156 115
156 123
156 132
156 134
157 2
157 3
157 4
157 5
157 6
157 7
157 10
157 13
157 14
157 15
157 18
157 20
157 23
157 26
157 29
157 30
157 31
157 32
157 33
157 36
157 39
157 42
157 43
157 44
157 45
157 46
157 58
157 60
157 63
157 67
157 69
157 70
157 71
157 76
157 77
157 95
157 107
157 130
157 133
157 134
158 2
158 23
158 36
158 38
158 39
158 51
159 2
159 5
159 6
159 18
159 19
159 23
159 39
159 53
159 63
160 2
161 2
161 8
161 36
161 61
161 78
162 2
162 7
162 17
162 18
162 30
162 33
162 36
162 37
162 63
163 2
163 3
163 6
163 13
163 14
163 15
163 18
163 19
163 23
163 24
163 36
163 39
163 42
163 44
163 49
163 54
163 62
163 66
163 70
163 76
163 78
163 89
163 92
163 94
163 106
163 111
163 120
163 121
163 125
163 130
164 2
165 2
165 19
165 24
165 94
166 2
167 2
167 4
167 5
167 6
167 7
167 8
167 9
167 10
167 12
167 13
167 14
167 15
167 19
167 20
167 21
167 23
167 24
167 25
167 26
167 29
167 32
167 36
167 39
167 40
167 42
167 50
167 51
167 59
167 62
167 66
167 69
167 72
167 79
167 85
167 86
167 92
167 94
167 104
167 107
167 109
167 110
167 111
167 114
167 115
167 118
167 122
167 127
167 130
167 131
168 2
168 6
168 62
168 79
168 98
168 134
169 2
169 25
170 2
171 2
171 19
171 123
172 2
172 13
172 15
172 16
172 29
172 62
172 98
173 2
173 8
173 13
173 14
173 19
173 23
173 24
173 30
173 32
173 51
173 62
173 66
173 92
173 130
174 2
174 13
175 2
175 4
175 10
175 47
175 87
176 2
176 7
176 18
176 19
176 47
176 63
177 2
178 2
178 6
178 11
179 2
179 3
179 5
179 7
179 15
179 18
179 19
179 26
179 32
179 33
179 36
179 37
179 39
179 42
179 45
179 48
179 50
179 53
179 63
179 76
179 93
179 108
179 124
179 126
180 2
180 4
180 10
180 13
180 19
180 20
180 23
180 24
180 29
180 32
180 35
180 66
180 69
180 70
180 85
180 93
180 127
180 130
181 2
181 4
181 7
181 8
181 11
181 13
181 19
181 23
181 27
181 71
181 85
181 98
182 2
182 5
182 6
182 7
182 8
182 13
182 14
182 17
182 18
182 19
182 29
182 36
182 38
182 39
182 46
182 51
182 65
182 66
182 75
182 95
182 98
182 107
182 110
182 130
183 2
183 4
183 6
183 13
183 14
183 15
183 19
183 20
183 29
183 32
183 33
183 50
183 102
183 107
183 122
183 134
184 2
184 3
184 5
184 18
184 19
184 26
184 32
184 37
184 50
184 78
184 93
184 95
184 102
184 106
185 2
185 7
185 19
185 30
185 40
185 62
185 63
185 70
185 76
185 106
186 2
186 23
187 2
187 7
188 2
188 47
188 107
189 2
189 54
190 2
190 13
191 2
191 10
191 13
191 23
191 39
191 62
191 71
191 134
192 2
192 4
192 6
192 10
192 12
192 13
192 14
192 15
192 18
192 19
192 23
192 26
192 29
192 32
192 33
192 36
192 37
192 39
192 58
192 61
192 63
192 69
192 70
192 71
192 76
192 78
192 85
192 96
192 97
192 122
193 3
193 77
194 3
194 19
194 30
194 31
194 67
194 87
194 95
194 113
194 124
195 3
195 4
195 5
195 12
195 13
195 15
195 20
195 28
195 30
195 33
195 36
195 39
195 45
195 47
195 62
195 71
195 73
195 118
196 3
196 4
196 13
196 23
196 35
196 36
196 77
197 3
198 3
199 3
200 3
200 4
200 10
200 12
200 13
200 40
200 120
200 121
201 3
201 12
201 18
201 42
202 3
202 19
203 3
204 3
204 7
204 76
205 3
205 51
205 77
205 92
205 106
206 3
206 23
206 89
206 106
207 3
207 17
208 3
208 14
209 3
210 3
210 77
211 3
212 3
212 77
213 3
213 69
213 89
213 106
214 3
214 4
214 133
215 3
215 14
215 23
216 3
216 4
216 6
216 17
216 18
216 19
216 36
216 53
216 63
216 92
216 108
217 3
217 63
217 95
218 3
218 4
218 13
218 14
218 15
218 18
218 23
218 28
218 62
218 68
218 69
218 70
219 3
220 3
221 3
222 3
222 8
222 13
222 17
222 18
222 19
222 26
222 53
222 63
222 108
223 3
224 3
224 36
224 77
225 3
225 26
225 35
225 63
225 77
226 3
226 5
226 6
226 8
226 23
227 3
227 7
228 3
229 3
229 23
229 71
229 77
230 3
230 73
231 3
232 3
233 3
234 3
235 3
235 7
235 10
235 19
235 22
235 29
235 32
235 94
235 96
236 3
236 7
236 13
236 29
236 71
237 3
238 3
238 23
239 3
239 77
240 3
240 4
240 5
240 6
240 7
240 8
240 12
240 13
240 14
240 18
240 19
240 20
240 23
240 28
240 32
240 36
240 37
240 42
240 45
240 46
240 47
240 61
240 62
240 63
240 71
240 78
240 88
240 95
240 108
240 117
240 118
240 134
241 3
241 42
242 4
243 4
243 13
243 19
243 26
243 34
243 37
243 63
244 4
244 13
244 19
244 35
245 4
245 7
245 8
245 10
245 13
245 14
245 25
245 29
245 39
245 62
245 71
245 87
245 94
245 101
245 107
245 111
245 132
246 4
246 13
246 14
246 19
246 23
247 4
247 33
247 39
247 62
247 117
248 4
249 4
249 19
249 53
250 4
250 12
250 13
250 14
250 19
250 23
250 29
250 32
250 39
250 42
250 45
250 62
250 78
250 80
250 86
250 92
250 98
251 4
252 4
252 45
252 63
252 71
253 4
253 6
253 12
254 4
254 5
254 7
254 13
254 14
254 19
255 4
255 7
255 10
255 65
255 85
256 4
256 6
256 7
256 13
256 14
256 19
256 25
256 26
256 28
256 29
256 62
256 68
256 95
256 125
257 4
257 7
257 10
257 12
257 13
257 19
257 24
257 36
257 39
257 45
257 62
257 111
257 134
258 4
258 13
258 15
258 62
258 64
259 4
259 7
259 13
259 14
259 31
259 39
259 67
259 69
260 4
261 4
262 4
262 132
262 134
263 4
263 10
263 12
263 20
263 24
263 28
263 33
263 67
263 71
264 4
264 133
265 4
265 6
265 21
265 24
265 26
265 39
265 67
265 69
266 4
266 6
266 7
266 10
266 13
266 14
266 15
266 19
266 20
266 22
266 23
266 24
266 26
266 27
266 32
266 51
266 57
266 62
266 64
266 66
266 67
266 69
266 71
266 72
266 78
266 94
266 95
266 97
266 105
266 106
266 107
266 111
266 116
266 131
267 4
267 7
267 20
267 22
267 23
267 36
267 72
267 92
267 129
268 4
268 13
268 19
268 132
268 134
269 4
269 7
269 12
269 13
269 15
269 23
269 24
269 36
269 39
269 42
269 45
269 62
269 66
269 71
269 79
269 104
269 106
269 111
269 116
269 127
270 4
270 5
270 6
270 7
270 8
270 13
270 14
270 15
270 16
270 19
270 23
270 28
270 29
270 39
270 42
270 45
270 51
270 54
270 62
270 64
270 66
270 67
270 71
270 74
270 78
270 94
270 107
270 108
270 109
270 122
271 4
271 5
271 19
271 26
271 41
271 62
271 66
271 76
272 4
272 12
272 13
272 21
272 33
272 36
272 51
272 59
273 4
273 6
273 13
273 17
273 19
273 80
274 4
274 13
275 4
275 7
275 13
275 16
275 23
275 66
275 94
276 4
276 13
276 62
277 4
277 13
277 63
278 4
278 13
278 23
279 4
279 13
279 19
279 23
279 26
279 28
279 31
279 62
279 69
279 71
279 97
279 102
280 4
280 6
280 7
280 13
280 14
280 102
281 4
281 12
281 13
281 19
281 23
281 71
282 4
283 4
283 13
283 14
283 70
284 4
284 13
284 14
284 51
285 4
286 4
286 13
286 36
287 4
287 8
287 12
287 13
287 19
287 51
287 54
287 62
287 134
288 4
288 19
288 23
288 77
289 4
289 26
289 36
289 90
289 106
290 4
290 6
290 7
290 13
290 14
290 15
290 18
290 19
290 23
290 28
290 29
290 30
290 36
290 58
290 61
290 62
290 63
290 76
290 82
290 108
291 4
291 29
292 4
292 13
293 4
294 4
295 4
296 4
297 4
297 12
297 13
297 14
297 33
297 36
298 4
298 12
298 13
298 36
299 4
299 12
299 13
299 36
300 4
301 4
302 4
303 4
304 4
304 13
305 4
306 4
307 4
308 4
309 4
309 13
310 4
310 13
311 4
311 13
312 4
312 13
313 4
313 13
314 4
314 13
315 4
316 4
316 6
316 13
317 4
317 13
318 4
318 23
318 25
318 28
318 47
319 4
319 13
319 23
320 4
320 13
320 14
320 28
320 107
320 114
320 123
320 132
321 4
321 13
322 4
323 4
323 29
324 4
324 13
324 123
325 4
325 6
325 15
325 17
325 32
325 33
325 63
325 78
325 85
325 108
325 126
326 4
326 15
326 23
326 42
326 62
326 111
327 4
327 5
327 8
327 19
327 20
327 24
327 28
327 58
327 69
327 71
327 79
327 92
327 100
327 111
327 127
328 4
328 62
328 134
329 4
329 13
329 19
329 26
329 37
329 70
329 86
329 100
329 111
330 4
330 8
330 10
330 12
330 13
330 14
330 15
330 19
330 23
330 24
330 28
330 33
330 35
330 39
330 45
330 58
330 62
330 71
330 78
330 100
330 114
331 4
331 13
331 19
331 22
331 24
331 52
331 93
331 130
332 4
332 111
333 4
333 5
333 7
333 8
333 13
333 17
333 18
333 19
333 67
333 102
333 111
333 125
334 5
335 5
335 7
336 5
336 7
337 5
337 7
337 47
337 51
337 75
337 90
338 5
338 8
338 13
338 18
338 51
338 90
338 110
338 112
338 119
338 124
339 5
339 8
339 14
339 19
339 24
339 38
339 46
339 51
339 76
339 98
340 5
341 5
341 6
341 7
341 8
341 15
341 18
341 19
341 23
341 26
341 36
341 37
341 39
341 42
341 51
341 61
341 63
341 67
341 76
341 116
342 5
342 13
342 23
343 5
343 36
343 39
344 5
344 15
344 19
344 23
344 47
344 51
344 94
345 5
346 5
346 36
347 5
347 8
348 5
348 8
348 29
348 63
348 76
348 94
349 6
349 95
349 106
350 6
350 36
350 51
351 6
351 39
351 47
351 71
351 95
352 6
353 6
353 7
353 17
353 18
353 76
354 6
355 6
355 7
355 21
355 26
355 106
355 129
356 6
357 6
357 36
357 51
357 67
357 90
358 6
359 6
359 14
359 18
359 26
359 29
359 34
359 62
359 79
360 6
361 6
361 13
361 18
361 19
361 26
361 30
361 63
362 6
363 6
363 14
363 23
363 28
363 55
363 124
364 6
364 12
364 14
364 16
365 6
365 12
365 25
365 30
365 36
365 132
366 6
366 47
367 6
368 6
369 6
370 6
371 6
371 8
371 12
371 19
371 62
371 102
372 6
372 13
372 18
372 19
372 39
372 71
372 76
373 6
373 13
373 80
374 6
374 7
374 17
374 18
374 37
374 86
375 6
375 8
376 6
376 18
376 26
376 30
376 32
376 63
376 80
377 6
378 6
378 13
378 51
378 67
379 6
379 12
379 23
379 36
379 54
380 6
381 6
381 107
382 6
382 52
383 6
384 6
384 7
384 8
384 17
384 26
384 32
384 37
384 50
384 63
384 100
384 108
385 6
386 6
387 6
388 6
388 13
388 23
388 30
388 33
388 63
388 92
388 100
389 6
390 6
390 17
390 62
391 6
391 23
392 6
392 14
392 18
392 19
392 23
392 33
392 36
392 66
393 6
393 7
393 18
393 28
393 30
393 45
394 6
394 7
394 14
394 42
395 6
396 6
396 10
396 14
396 18
396 26
396 37
396 63
397 6
398 6
398 23
398 39
398 42
398 71
399 6
399 15
399 21
399 33
399 39
399 47
399 62
399 71
399 79
399 116
400 6
400 13
400 15
400 17
400 23
400 33
400 35
400 53
400 110
401 6
402 6
403 6
403 8
403 19
403 125
404 6
405 6
406 6
406 125
407 7
408 7
408 62
409 7
410 7
411 7
411 13
411 14
411 18
412 7
413 7
414 7
415 7
416 7
417 7
418 7
418 71
419 7
420 7
421 7
421 13
421 19
421 23
421 98
422 7
423 7
424 7
425 7
426 7
427 7
428 7
429 7
430 7
430 23
431 7
431 132
432 7
432 14
432 85
433 7
433 10
433 13
433 18
433 29
433 36
433 44
433 47
433 71
433 76
433 94
434 7
434 10
434 13
434 25
434 65
435 7
435 10
435 13
435 19
435 98
436 7
436 10
436 13
436 26
436 63
436 71
436 86
437 7
437 14
437 19
438 7
438 10
438 19
438 40
438 42
439 7
439 8
439 18
440 7
440 20
440 78
440 83
441 7
441 87
442 7
442 13
442 14
442 19
443 7
443 23
444 7
444 23
444 123
445 7
445 13
445 19
445 30
445 71
446 7
446 13
446 15
446 19
447 7
447 36
447 63
447 76
447 103
447 126
448 7
449 7
449 62
450 7
450 14
450 19
450 20
450 23
450 33
450 42
450 63
450 88
451 7
451 44
451 90
452 7
453 7
454 7
454 8
455 7
455 10
455 13
455 18
455 23
455 62
455 67
455 90
455 92
455 97
456 7
457 7
457 23
457 47
457 77
457 129
458 7
458 8
458 17
458 19
458 23
458 95
459 7
459 19
459 100
459 110
459 125
460 7
460 23
460 36
460 47
460 87
460 90
461 7
461 13
461 19
461 23
462 7
463 7
464 7
464 12
464 13
464 36
464 71
464 79
465 8
466 8
467 8
468 8
468 17
469 8
469 23
469 26
469 42
469 47
469 87
470 8
470 13
471 8
472 8
473 8
473 110
474 8
474 22
475 8
476 8
476 52
477 8
478 8
478 13
478 19
478 23
478 36
478 37
478 47
478 62
478 94
478 106
479 8
480 8
480 23
480 47
480 67
480 95
480 106
481 8
482 8
483 8
484 8
484 36
484 39
484 54
484 129
485 8
485 42
485 71
486 8
487 8
487 62
487 110
488 8
488 12
488 19
488 23
488 26
489 8
489 23
489 110
490 8
491 8
492 8
493 8
493 78
494 8
495 8
496 8
497 8
498 8
499 8
499 100
499 110
500 8
501 8
501 10
501 13
501 23
501 24
501 30
501 39
501 62
501 91
501 98
501 104
501 111
501 133
502 8
502 42
503 8
503 13
503 85
504 8
504 23
504 51
504 102
505 8
505 51
505 54
505 62
506 8
507 8
507 112
508 8
508 13
508 40
508 46
509 8
509 26
509 63
510 8
510 63
511 8
511 37
511 47
511 63
511 86
512 8
512 26
512 63
513 9
514 10
515 10
515 67
515 94
515 100
516 10
516 55
516 67
516 90
517 10
517 13
517 14
517 24
517 28
517 36
517 37
517 47
517 55
517 71
517 97
518 10
518 45
518 47
518 98
519 10
519 19
520 10
521 10
522 10
522 23
522 25
522 30
522 62
522 70
522 71
523 10
523 13
523 28
523 29
523 39
523 94
523 101
523 123
524 10
524 23
524 114
525 10
525 12
525 29
525 34
525 63
525 85
525 108
526 10
526 12
526 13
526 19
526 71
526 107
526 128
527 10
527 16
527 71
528 12
528 23
528 85
528 87
529 12
530 12
530 19
531 12
532 12
533 12
533 85
534 12
534 13
535 13
536 13
536 26
536 63
537 13
538 13
538 14
538 28
538 33
538 39
538 42
538 45
538 62
538 98
539 13
539 19
539 70
540 13
541 13
541 47
541 114
542 13
543 13
543 23
544 13
544 123
545 13
546 13
546 14
547 13
547 132
548 13
549 13
550 13
550 14
550 19
550 23
550 46
550 71
550 134
551 13
552 13
552 17
552 18
552 33
552 62
553 13
553 19
554 13
554 16
554 23
554 45
555 13
555 23
555 62
555 71
556 13
557 13
558 13
558 52
559 13
559 23
559 39
559 69
560 13
560 87
560 93
561 13
562 13
562 14
562 23
563 13
563 45
563 47
564 13
565 13
566 13
567 13
568 13
568 95
569 13
569 132
570 13
571 13
572 13
573 13
574 13
574 130
575 13
575 19
575 23
575 29
575 35
575 39
576 13
576 19
576 23
576 76
576 108
577 13
578 13
578 23
578 134
579 13
579 14
580 13
581 13
582 13
583 13
583 23
583 29
584 13
585 13
586 13
586 95
587 13
587 22
587 23
587 34
588 13
589 13
590 13
591 13
592 13
592 108
593 13
594 13
595 13
596 13
597 13
598 13
599 13
600 13
601 13
602 13
602 19
603 13
604 13
605 13
606 13
606 111
607 13
607 23
607 111
608 13
608 22
608 32
609 13
609 63
609 78
609 125
610 13
611 13
611 107
612 13
613 13
614 13
614 36
614 71
614 94
615 13
615 19
615 51
615 53
616 14
616 79
617 14
617 18
617 26
617 63
617 104
618 14
618 111
619 14
619 42
620 14
620 130
621 14
622 14
622 62
623 14
623 37
624 14
625 14
625 63
625 72
626 14
627 14
627 19
627 42
627 62
628 14
629 14
630 14
631 14
632 14
633 14
634 14
635 14
636 14
637 14
638 14
639 14
639 20
639 23
639 51
639 59
639 78
639 79
639 116
639 122
640 14
640 23
641 14
641 15
641 16
641 19
641 24
641 29
641 62
641 87
641 91
641 104
641 114
642 14
643 14
644 14
645 15
645 62
645 71
645 111
646 15
646 65
646 127
647 15
648 15
648 39
648 51
648 54
648 71
648 79
648 134
649 15
649 47
649 56
649 58
650 15
650 23
650 24
651 15
651 17
651 18
651 19
651 36
651 62
651 66
652 16
653 17
653 33
653 115
654 17
655 17
655 63
655 108
656 17
657 17
657 18
657 63
657 76
658 18
658 44
658 65
659 18
659 37
660 18
661 18
661 63
662 18
662 86
663 18
664 18
665 18
666 18
667 18
668 18
669 18
670 18
670 106
671 18
672 18
673 18
674 18
674 33
675 18
675 39
675 42
676 18
677 18
677 23
678 18
678 26
678 37
678 63
678 108
679 18
679 54
679 106
680 18
680 62
680 79
681 18
681 26
681 37
681 63
682 18
682 63
683 18
683 36
684 18
684 35
684 36
684 39
684 106
684 130
685 19
685 23
685 78
686 19
687 19
687 134
688 19
689 19
690 19
691 19
691 37
691 63
692 19
692 30
693 19
694 19
695 19
695 23
696 19
696 55
697 19
698 19
699 19
699 35
699 54
700 19
700 23
701 19
701 23
701 24
701 71
702 19
703 19
704 19
705 19
706 19
707 19
708 19
709 19
710 19
711 19
712 19
713 19
713 39
713 66
713 106
714 19
715 19
716 19
716 63
716 86
717 19
718 19
718 25
718 30
718 86
719 19
720 19
720 63
721 19
722 19
723 19
723 104
723 110
724 19
724 39
725 19
725 71
726 19
727 19
728 19
729 19
730 19
731 19
732 19
733 19
734 19
735 19
736 19
737 19
738 19
739 19
740 19
741 19
742 19
743 19
744 19
745 19
746 19
747 19
748 19
749 19
750 19
751 20
751 23
752 21
752 39
752 54
752 62
752 70
753 21
753 23
753 24
753 35
753 36
753 47
754 22
755 22
756 23
756 116
757 23
758 23
759 23
759 107
760 23
761 23
762 23
762 62
763 23
764 23
765 23
766 23
767 23
767 36
767 92
768 23
769 23
770 23
770 33
771 23
771 92
772 23
773 23
773 66
774 23
775 23
776 23
777 23
778 23
779 23
780 23
781 23
781 45
781 69
782 23
783 23
783 62
783 111
784 23
785 23
786 23
787 23
788 23
788 112
789 23
790 23
791 23
791 92
792 23
793 23
794 23
795 23
795 30
795 71
796 23
797 23
798 23
799 23
800 23
801 23
802 23
803 23
804 23
805 23
806 23
807 23
808 23
808 27
809 23
810 23
811 24
811 85
812 24
813 24
814 24
815 25
815 36
815 37
815 79
815 104
816 25
817 25
818 25
819 25
820 26
820 36
821 26
821 63
822 26
822 134
823 26
823 30
823 63
823 86
824 26
824 37
824 63
825 26
825 63
826 26
827 26
827 63
828 26
828 63
829 26
829 48
830 26
831 26
831 63
832 26
832 63
833 26
833 63
834 26
834 63
835 26
835 63
836 26
836 63
837 26
837 37
837 47
837 63
838 26
838 63
839 26
839 36
839 63
840 26
840 63
841 26
841 63
842 26
842 63
843 26
843 63
844 26
844 63
845 26
845 63
845 95
846 26
846 63
847 26
847 63
848 28
849 28
850 28
850 134
851 29
852 29
853 29
854 29
854 30
854 63
854 94
855 29
856 29
857 29
858 30
858 34
859 30
860 30
861 30
861 72
861 86
862 30
862 86
863 30
864 30
865 30
866 30
866 71
867 30
868 30
869 30
869 100
870 30
870 45
870 85
871 32
871 47
871 85
871 114
872 32
873 33
873 63
874 33
874 34
874 63
874 85
875 33
876 33
877 33
877 53
877 66
878 33
878 36
878 90
879 34
879 37
879 63
879 86
880 34
881 34
881 86
882 35
883 35
884 35
885 35
885 130
886 35
887 36
888 36
889 36
889 41
890 36
891 36
892 36
893 36
894 36
894 90
895 36
895 53
896 36
897 36
898 36
898 63
899 36
899 77
900 36
900 77
901 36
902 36
903 36
904 37
904 63
905 37
905 63
906 37
907 37
908 37
908 63
908 76
909 37
910 37
911 37
911 63
912 37
913 37
913 62
913 63
914 37
915 37
916 37
916 63
916 86
917 37
918 37
918 47
918 63
919 37
920 38
921 39
921 71
921 111
921 134
922 39
923 39
923 71
924 39
925 39
925 54
925 77
925 106
926 39
927 40
927 47
928 40
929 41
930 42
931 42
932 42
933 42
934 42
935 42
936 42
937 42
938 42
939 42
939 70
939 114
940 42
941 42
942 44
943 44
944 45
944 87
945 45
946 45
946 47
947 46
947 78
948 47
949 47
950 47
950 63
951 47
952 47
953 47
954 47
955 47
956 47
956 124
956 125
957 47
958 47
959 47
960 47
961 49
962 50
963 51
964 51
965 51
965 54
966 51
967 51
968 51
969 51
969 52
970 51
970 112
971 52
972 52
973 52
974 52
975 52
976 52
977 52
978 52
979 53
980 53
981 53
982 53
983 58
984 62
985 62
986 62
987 62
987 71
987 111
988 62
989 62
990 62
991 62
992 63
993 63
994 63
995 63
996 63
997 63
998 63
999 63
1000 63
1001 63
1002 63
1003 63
1004 63
1005 63
1006 63
1007 63
1008 63
1009 63
1010 63
1011 63
1012 63
1013 63
1013 126
1014 63
1015 64
1016 64
1017 67
1018 67
1018 133
1019 67
1020 67
1021 70
1022 70
1022 95
1022 108
1023 70
1024 70
1025 71
1026 71
1026 85
1027 71
1028 71
1029 71
1030 71
1031 71
1032 71
1033 71
1034 71
1034 80
1035 71
1036 71
1037 71
1038 71
1039 71
1040 71
1041 71
1042 71
1043 71
1044 71
1045 71
1046 71
1046 100
1047 71
1047 100
1048 71
1049 71
1050 71
1051 71
1052 71
1053 71
1054 73
1055 76
1056 76
1057 76
1058 76
1059 77
1060 77
1061 77
1062 77
1063 77
1064 77
1064 106
1065 78
1066 78
1067 78
1068 78
1069 78
1070 78
1071 78
1072 78
1073 79
1074 80
1075 80
1076 80
1077 80
1078 80
1079 80
1080 80
1081 80
1082 80
1083 80
1084 80
1085 80
1086 80
1087 81
1087 130
1088 84
1088 106
1089 84
1090 84
1091 85
1092 85
1093 86
1094 86
1095 86
1096 86
1097 87
1098 92
1099 93
1100 94
1101 94
1102 94
1103 94
1104 94
1104 96
1105 94
1105 96
1106 94
1107 94
1108 94
1109 95
1109 98
1110 95
1111 95
1112 95
1113 95
1114 95
1115 95
1116 95
1117 95
1118 95
1119 95
1120 95
1121 95
1122 95
1123 95
1124 98
1125 100
1126 100
1127 100
1128 100
1129 102
1130 104
1131 104
1132 104
1133 106
1134 106
1135 106
1136 106
1137 106
1138 107
1139 108
1140 108
1141 108
1142 108
1143 108
1144 110
1145 110
1146 110
1147 110
1148 110
1149 111
1150 111
1151 112
1152 114
1153 114
1154 114
1154 132
1155 114
1156 114
1157 114
1158 114
1159 114
1160 114
1161 117
1162 123
1162 133
1163 123
1164 123
1165 124
1166 125
1167 125
1168 130
1169 130
1170 130
1171 130
1172 130
1173 130
1174 132
1175 134
1176 134
1177 134
